15
1
23
3
3 5 6 6 1 13213 13213 1 6
100
1000000000 100000000 010000 1000000 300000 400000 100000 100000 10000 1000000000 100000000 010000 1000000
4
1 1 1 1
0
0
2
3 3
7
0 0 0 0 0 0 0 0 0
100
9 9 9 9 9 9 9 9 9 9 9 9 9 9 9 9 9 9 9 9 9 9 9 9 9 9 9 9 9 9 9 9 9 9 9 9 9 9 9 9 9 9 9 9 9 9 9 9 9 9 9 9 9 9 9 9 9 9 9 9 9 9 9 9 9 9 9 9 9 9 9 9 9 9 9 9 9 9 9 9 9 9 9 9 9 9 9 9 9 9 9 9 9 9 9 9 9 9 9 9 9 9 9 9 9 9 9 9 9 9 9 9 9 9 9 9 9 9 9 9 9 9 9 9 9 9 9 9 9 9 9 9 9 9 9 9 9
100
4294967296 4294967296 4294967296 4294967296 4294967296 4294967296 4294967296 4294967296 4294967296 4294967296 4294967296 4294967296 4294967296 4294967296 4294967296 4294967296 4294967296 4294967296 4294967296 4294967296 4294967296 4294967296 4294967296 4294967296 4294967296 4294967296 4294967296 4294967296 4294967296 4294967296 4294967296 4294967296 4294967296 4294967296 4294967296 4294967296 4294967296 4294967296 4294967296 4294967296 4294967296 4294967296 4294967296 4294967296 4294967296 4294967296 4294967296 4294967296 4294967296 4294967296 4294967296 4294967296 4294967296 4294967296 4294967296 4294967296 4294967296 4294967296 4294967296 4294967296 4294967296 4294967296 4294967296 4294967296 4294967296 4294967296 4294967296 4294967296 4294967296 4294967296 4294967296 4294967296 4294967296 4294967296 4294967296 4294967296 4294967296 4294967296 4294967296 4294967296 4294967296 4294967296 4294967296 4294967296 4294967296 4294967296 4294967296 4294967296 4294967296 4294967296 4294967296 4294967296 4294967296 4294967296 4294967296 4294967296 4294967296 4294967296 4294967296 4294967296


13
 asdf
asd

0
1 2
999
999999

as das
2
2 2


